name: Nvc
country: GB
team: Czesnecka
steamId: "76561198000088567"
aliases:
  - nvc
  - twitch.tv/justnvc
team2026: Czesnecka
team2026Shortname: CZE
published: false
ctfRating: 20.70969581604004
ctfGames: 1077
tdmRating: 24.328203201293945
tdmGames: 19
hoqCtfRating: 20.71
hoqCtfGames: 1077
hoqTdmRating: 24.33
hoqTdmGames: 19
qlrace:
  mode: 3
  records: 4
  wrs: 0
  medals:
    gold: 0
    silver: 0
    bronze: 0
  speed_top: 1163
  average_rank_pct: 49.8
  best_record:
    map: lovet-mikendo
    rank: 33
    total: 110
    time: 20360
    rank_pct: 30
  top_maps:
    - map: lovet-mikendo
      rank: 33
      total: 110
      time: 20360
    - map: kool_aqua
      rank: 47
      total: 100
      time: 35152
    - map: qlwc21_round2
      rank: 48
      total: 99
      time: 50976
    - map: bricks2
      rank: 48
      total: 65
      time: 59312
  fetched_at: "2026-02-23"
hoqCtfRating: 20.70969581604004
ctfRatingUpdated: "2026-03-12"
hoqCtfGames: 1077
hoqTdmRating: 24.328203201293945
tdmRatingUpdated: "2026-03-12"
hoqTdmGames: 19
