name: Xron
steamId: "76561198017320685"
aliases:
  - xron
category: ctf
hoqCtfRating: 14.395367622375488
ctfRatingUpdated: "2026-03-12"
ctfRating: 14.395367622375488
hoqCtfGames: 1
ctfGames: 1
hoqTdmRating: 28.073211669921875
tdmRatingUpdated: "2026-03-12"
tdmRating: 28.073211669921875
hoqTdmGames: 37
tdmGames: 37
published: false
qlrace:
  mode: 2
  records: 1
  wrs: 0
  medals:
    gold: 0
    silver: 0
    bronze: 0
  speed_top: 0
  average_rank_pct: 61.5
  best_record:
    map: p5run
    rank: 8
    total: 13
    time: 9968
    rank_pct: 61.5
  top_maps:
    - map: p5run
      rank: 8
      total: 13
      time: 9968
  fetched_at: "2026-02-23"
